0 0.396875 0.281250 0.025000 0.025000
0 0.356250 0.406250 0.025000 0.025000
0 0.315625 0.531250 0.025000 0.025000
0 0.275000 0.656250 0.025000 0.025000
1 0.332813 0.759375 0.025000 0.025000
1 0.431250 0.739062 0.025000 0.025000
1 0.531250 0.718750 0.025000 0.025000
1 0.629687 0.696875 0.025000 0.025000
1 0.728125 0.676562 0.025000 0.025000
2 0.762500 0.571875 0.025000 0.025000
2 0.696875 0.489063 0.025000 0.025000
2 0.632812 0.406250 0.025000 0.025000
2 0.567187 0.321875 0.025000 0.025000
2 0.501563 0.239063 0.025000 0.025000